sample Input Filter %Filt/In Merge %Mer/In Non-chim %Non-chim/In ASV/sample
R47  2099   1632    77.75  1194   56.88      756        36.02          13
R1  74708  59466    79.60 51388   68.79    34120        45.67         151
R13 53143  42307    79.61 30178   56.79    21953        41.31         122
R25 65474  52722    80.52 37211   56.83    28100        42.92         183
R37 67244  53996    80.30 45797   68.11    30438        45.27         125
R49 51763  43353    83.75 41303   79.79    28799        55.64          92
R61 51505  42560    82.63 40286   78.22    28282        54.91          93
R73 52680  42129    79.97 39458   74.90    27374        51.96         113
R85 37689  31176    82.72 28895   76.67    20388        54.10          80
R2  68143  54478    79.95 46140   67.71    31323        45.97         163
R14 60096  48428    80.58 37746   62.81    23478        39.07         169
R26 67005  53953    80.52 40074   59.81    30060        44.86         167
R38 59516  48746    81.90 38499   64.69    27952        46.97         153
R50 61246  50661    82.72 47516   77.58    33566        54.81         111
R62 63174  50738    80.31 47348   74.95    33300        52.71         139
R74 74459  61407    82.47 57809   77.64    39671        53.28         136
R86 50008  41512    83.01 36667   73.32    26274        52.54         107
R3  54654  43538    79.66 34092   62.38    24696        45.19         117
R15 59080  47788    80.89 37624   63.68    25757        43.60         131
R27 61059  49672    81.35 37212   60.94    27930        45.74         200
R39 59861  49408    82.54 40980   68.46    30004        50.12         150
R51 65289  53319    81.67 50199   76.89    35242        53.98         126
R63 55159  44907    81.41 41995   76.13    29578        53.62         118
R75 63159  52310    82.82 48265   76.42    33948        53.75         129
R87 56369  46420    82.35 42920   76.14    29717        52.72         130
R4  66629  52724    79.13 48990   73.53    31281        46.95         113
R16 45576  37202    81.63 33200   72.85    21712        47.64          79
R28 17958  14515    80.83 11805   65.74     8878        49.44          51
R40 52722  43927    83.32 38770   73.54    26803        50.84         128
R52 68344  56636    82.87 54071   79.12    37970        55.56         111
R64 63543  52826    83.13 50553   79.56    35360        55.65         121
R76 62546  51954    83.07 48094   76.89    34035        54.42         124
R88 50771  41477    81.69 37090   73.05    26200        51.60         123
R5  69875  56586    80.98 51899   74.27    33361        47.74         165
R17 50452  40584    80.44 35924   71.20    23933        47.44          93
R29 52064  42055    80.78 38019   73.02    25884        49.72         106
R41 47117  38239    81.16 34065   72.30    23094        49.01          91
R53 50849  42084    82.76 39783   78.24    28156        55.37         101
R65 58370  48648    83.34 46247   79.23    32236        55.23         111
R77 70305  59014    83.94 55284   78.63    37990        54.04         152
R6  56529  45898    81.19 41799   73.94    28345        50.14         112
R18 45489  36987    81.31 31452   69.14    20446        44.95         117
R30 57289  46987    82.02 42220   73.70    28306        49.41         124
R42 44060  35077    79.61 31028   70.42    22116        50.20          92
R54 52713  43403    82.34 41478   78.69    29028        55.07          96
R66 56879  47170    82.93 44893   78.93    31352        55.12         117
R78 75832  62663    82.63 58553   77.21    40041        52.80         156
R90 40140  33075    82.40 30263   75.39    21663        53.97          92
R7  60497  48593    80.32 40169   66.40    27600        45.62         133
R19 67782  54577    80.52 42502   62.70    28716        42.37         200
R31 55576  45161    81.26 39427   70.94    27214        48.97         115
R43 70427  58559    83.15 43723   62.08    31627        44.91         226
R55 55390  45793    82.67 42976   77.59    30425        54.93         120
R67 59686  49164    82.37 46328   77.62    32513        54.47         106
R79 72857  59402    81.53 54470   74.76    37876        51.99         141
R91 52415  42883    81.81 40415   77.11    27835        53.11         102
R8  57534  46297    80.47 37255   64.75    25165        43.74         127
R20 62694  51287    81.81 41329   65.92    27771        44.30         168
R32 64467  52900    82.06 42162   65.40    30188        46.83         159
R44 63276  50975    80.56 43989   69.52    30264        47.83         125
R56 56772  47382    83.46 44858   79.01    31578        55.62         110
R68 58773  48615    82.72 45898   78.09    32133        54.67         120
R80 58278  49370    84.71 46079   79.07    32516        55.79         146
R92 61030  48829    80.01 45005   73.74    31239        51.19         123
R9  66706  53684    80.48 47782   71.63    31519        47.25         140
R21 62547  50614    80.92 42730   68.32    28205        45.09         135
R33 52700  42634    80.90 34244   64.98    24950        47.34         132
R45 60198  48528    80.61 40586   67.42    28908        48.02         145
R57 51391  42023    81.77 39459   76.78    27798        54.09          92
R69 56562  46555    82.31 43543   76.98    30789        54.43         113
R81 51957  42993    82.75 39136   75.32    27688        53.29         122
R93 59176  48150    81.37 45644   77.13    31859        53.84         119
R10 66566  54018    81.15 49698   74.66    33423        50.21         159
R22 27483  22281    81.07 19071   69.39    13517        49.18          57
R34 46553  38304    82.28 33707   72.41    23079        49.58          93
R46 50551  41071    81.25 36552   72.31    24707        48.88          96
R58 60506  50485    83.44 47195   78.00    33330        55.09         125
R70 59963  49614    82.74 46595   77.71    32977        55.00         112
R82 54094  44829    82.87 42051   77.74    30039        55.53         115
R94 42322  34727    82.05 32984   77.94    23646        55.87          85
R11 72319  59569    82.37 55217   76.35    35852        49.57         140
R23 45314  36445    80.43 32007   70.63    22565        49.80          96
R35 60859  49287    80.99 43619   71.67    29814        48.99         135
R59 45512  37685    82.80 35588   78.19    24626        54.11          97
R71 48226  40510    84.00 38655   80.15    27474        56.97         109
R83 66007  55193    83.62 51151   77.49    35763        54.18         159
R95 54463  44527    81.76 41737   76.63    29341        53.87         112
R12 60503  49179    81.28 45020   74.41    28956        47.86         119
R24 45100  35538    78.80 29929   66.36    19410        43.04         104
R36 53347  43495    81.53 38445   72.07    25586        47.96         118
R48 55650  45423    81.62 41659   74.86    26101        46.90         108
R60 53444  43842    82.03 41480   77.61    29160        54.56          97
R72 51933  43494    83.75 41190   79.31    29161        56.15         108
R84 67968  56809    83.58 53528   78.75    37567        55.27         154
R96 36627  30018    81.96 27463   74.98    19468        53.15          75
P44  52225  41749    79.94 15397   29.48    13043        24.97         119
P48  50821  40689    80.06 15023   29.56    12393        24.39         128
P1   55117  43656    79.21 16729   30.35    14137        25.65         124
P13  52868  42341    80.09 15480   29.28    13207        24.98         131
P25  49027  39887    81.36 15914   32.46    14401        29.37         136
P37  52483  42028    80.08 13777   26.25    12448        23.72         113
P49  49087  39533    80.54 11889   24.22    11267        22.95          86
P61  49213  39896    81.07 16192   32.90    12790        25.99         108
P73  46450  37635    81.02 12537   26.99    11897        25.61         107
P85  46006  37271    81.01 13410   29.15    11916        25.90         105
P2   38993  31588    81.01 11229   28.80    10217        26.20          82
P14  53895  43444    80.61 14634   27.15    12958        24.04         130
P26  54878  42982    78.32 16744   30.51    15421        28.10         129
P38  43227  34581    80.00 11829   27.36    11201        25.91          92
P50  42230  33511    79.35 10174   24.09     9553        22.62          82
P62  49144  38875    79.10 13462   27.39    13106        26.67         106
P74  38959  31902    81.89  9716   24.94     9251        23.75          93
P86  33478  26800    80.05 10358   30.94     9379        28.02          77
P3   49912  39274    78.69 14213   28.48    11941        23.92         102
P15  49105  39922    81.30 16381   33.36    15221        31.00         122
P27  41429  33430    80.69 10366   25.02     9228        22.27          81
P39  52532  42662    81.21 16078   30.61    14472        27.55         121
P51  52575  41637    79.20 13778   26.21    12797        24.34         109
P63  45036  36333    80.68 11074   24.59    10663        23.68          72
P75  49195  39634    80.57 14465   29.40    13419        27.28         112
P87  52562  41428    78.82 15052   28.64    13210        25.13         131
P4   43524  34844    80.06 11296   25.95     9777        22.46          99
P16  52158  41756    80.06 16021   30.72    13543        25.97         135
P28  41785  33848    81.01 10184   24.37     8495        20.33          93
P40  49149  39657    80.69 12997   26.44    11299        22.99          97
P52  53744  42046    78.23 16261   30.26    14255        26.52         124
P64  41365  32855    79.43 12045   29.12    10787        26.08          97
P76  52184  41734    79.97 12615   24.17    11349        21.75         101
P88  45171  36484    80.77 12971   28.72    10353        22.92         111
P5   50998  40615    79.64 14092   27.63    12232        23.99         103
P17  47681  38077    79.86 14272   29.93    13045        27.36         114
P29  48066  38706    80.53 12665   26.35    10910        22.70         118
P41  52448  41545    79.21 15604   29.75    14060        26.81         120
P53  51406  40207    78.21 13500   26.26    11829        23.01         103
P65  45629  35964    78.82 12213   26.77    10767        23.60          99
P77  52022  41289    79.37 13830   26.58    12249        23.55         113
P89  51177  41028    80.17 15329   29.95    12719        24.85         122
P6   48691  38383    78.83 13319   27.35    11140        22.88         116
P18  54106  42381    78.33 15259   28.20    12923        23.88         127
P30  44378  34808    78.44 10459   23.57     9002        20.28          90
P42  54154  43301    79.96 15736   29.06    14228        26.27         123
P54  51815  41329    79.76 14484   27.95    12947        24.99         111
P66  49282  39138    79.42 13191   26.77    11703        23.75          88
P78  51628  40512    78.47 12189   23.61    10851        21.02         100
P90  52075  40938    78.61 14787   28.40    12302        23.62         125
P7   46282  36871    79.67 13624   29.44    12022        25.98         128
P19  59927  47001    78.43 20803   34.71    17647        29.45         170
P31  45974  36013    78.33 11040   24.01     9625        20.94          88
P43  46966  37834    80.56 14631   31.15    13552        28.85         103
P55  52580  41996    79.87 15973   30.38    14267        27.13         133
P67  55394  43871    79.20 16100   29.06    13957        25.20         121
P79  40473  32643    80.65 11339   28.02     9886        24.43          84
P91  42705  34243    80.18 10083   23.61     8870        20.77          82
P8   43176  34830    80.67 12813   29.68    11452        26.52         118
P20  50747  41006    80.80 17218   33.93    14524        28.62         124
P32  50793  40624    79.98 14356   28.26    12410        24.43         132
P56  56766  45365    79.92 18669   32.89    16443        28.97         144
P68  48199  38221    79.30 14072   29.20    12318        25.56         127
P80  39478  31805    80.56 10103   25.59     9046        22.91          99
P92  35763  28687    80.21 11020   30.81    10478        29.30          92
P9   56827  45466    80.01 18539   32.62    15694        27.62         164
P21  52089  41511    79.69 17833   34.24    15691        30.12         137
P33  44833  35996    80.29 12714   28.36    10821        24.14         103
P45  53160  43060    81.00 16823   31.65    15058        28.33         134
P57  76086  60248    79.18 24316   31.96    21065        27.69         213
P69  36774  29624    80.56 11923   32.42    11157        30.34         111
P81  39442  31741    80.48 10722   27.18     9696        24.58          72
P93  41884  33299    79.50 10418   24.87     9814        23.43          88
P10  43436  34749    80.00 11562   26.62     9796        22.55         112
P22  43414  34480    79.42 11616   26.76     9365        21.57          95
P34  43593  34486    79.11 12287   28.19    10932        25.08          96
P46  47405  38066    80.30 12500   26.37    10706        22.58         111
P58  50245  40425    80.46 14145   28.15    12271        24.42         120
P70  54587  44004    80.61 16481   30.19    14035        25.71         117
P82  47196  37765    80.02 14418   30.55    12444        26.37         128
P94  45904  36891    80.37 12394   27.00    11275        24.56          95
P11  44411  35251    79.37 12790   28.80    10786        24.29         120
P23  46061  36860    80.02 12773   27.73    10207        22.16         113
P35  50020  39969    79.91 14419   28.83    12723        25.44         117
P47  50321  38993    77.49 12909   25.65    11193        22.24         107
P59  42118  33381    79.26 11171   26.52     9742        23.13          97
P71  49452  39707    80.29 15187   30.71    13217        26.73         133
P83  39724  31846    80.17 11243   28.30     9720        24.47         101
P95  57271  45361    79.20 15942   27.84    14422        25.18         126
P12  45308  36097    79.67 13108   28.93    11054        24.40          96
P24  47893  38308    79.99 14316   29.89    12182        25.44         125
P36  41696  33521    80.39 11849   28.42    10670        25.59          99
P60  50891  41076    80.71 14662   28.81    11800        23.19         135
P72  51300  41200    80.31 15338   29.90    12480        24.33         131
P84  56765  44942    79.17 15922   28.05    13335        23.49         141
P96  50834  39326    77.36 11843   23.30    10853        21.35          99
T1   65839  52628    79.93 22088   33.55    20207        30.69         180
T12  43714  35679    81.62 14201   32.49    12905        29.52         112
T25  41738  32590    78.08 10830   25.95     9271        22.21          75
T37  44161  34464    78.04 11417   25.85    10069        22.80          82
T55  57192  44816    78.36 17351   30.34    15867        27.74         124
T67  52103  41524    79.70 13828   26.54    13189        25.31         114
T79  48279  38807    80.38 15123   31.32    14087        29.18         106
T91  46295  37091    80.12 15786   34.10    14702        31.76         104
TA   43995  35993    81.81 18152   41.26    16846        38.29         128
T13  44743  35486    79.31 12832   28.68    11662        26.06         109
T35  46160  37568    81.39 14241   30.85    13055        28.28         118
T38  45181  35951    79.57 14071   31.14    13622        30.15          92
T56  49773  40510    81.39 20182   40.55    17692        35.55         139
T68  40541  32607    80.43 11870   29.28    10862        26.79          89
T80  47630  37977    79.73 15731   33.03    15104        31.71         127
T92  48303  38393    79.48 13257   27.45    12455        25.79          92
T2   51141  40771    79.72 15788   30.87    14709        28.76         103
T23  37945  30212    79.62  9435   24.86     8753        23.07          73
T36  51670  41167    79.67 15229   29.47    13719        26.55         109
T39  50301  40500    80.52 21779   43.30    16661        33.12         146
T57  52980  41961    79.20 15357   28.99    14525        27.42         117
T69  45132  36035    79.84 13091   29.01    11913        26.40          89
T81  39706  31615    79.62 10392   26.17     9904        24.94          81
T93  42081  34254    81.40 17345   41.22    13949        33.15         108
T3   47535  38147    80.25 13898   29.24    11882        25.00         111
T15  37616  29861    79.38  8499   22.59     7181        19.09          75
T28  43888  34833    79.37 12156   27.70    10525        23.98         109
T42  29135  23294    79.95  7991   27.43     6859        23.54          48
T58  47531  37311    78.50 12750   26.82    11310        23.79         108
T70  40966  32418    79.13  9794   23.91     8688        21.21          82
T82  42905  34256    79.84 12373   28.84    10355        24.13         101
T94  40877  33119    81.02 11488   28.10     9939        24.31          88
TB   46954  37048    78.90 13209   28.13    11127        23.70          98
T16  42813  34141    79.74 11278   26.34     9971        23.29         106
T40  42209  33890    80.29 11993   28.41    10204        24.17          93
T43  42804  33911    79.22 11945   27.91    10205        23.84          93
T59  47517  37952    79.87 12905   27.16    11022        23.20          94
T71  44934  35506    79.02 12151   27.04    11060        24.61          79
T83  32491  25570    78.70  8904   27.40     7809        24.03          71
T95  44300  35497    80.13 13351   30.14    11362        25.65         117
T4   46349  36888    79.59 13094   28.25    10588        22.84          96
T26  44363  35898    80.92 12580   28.36    11422        25.75         103
T41  49109  39068    79.55 14930   30.40    12841        26.15         127
T44  44648  35625    79.79 12309   27.57    11334        25.39          89
T60  50001  40230    80.46 14857   29.71    12798        25.60         120
T72  46718  37497    80.26 10862   23.25    10028        21.46          85
T84  42147  33790    80.17 11082   26.29     9585        22.74          92
T96  39384  31200    79.22  9009   22.87     7691        19.53          71
T5   49754  39548    79.49 15467   31.09    12901        25.93         171
T21  47412  38466    81.13 16847   35.53    14198        29.95         149
T34  46223  36454    78.87 11281   24.41    10080        21.81          81
T52  45258  35883    79.29 11420   25.23     9394        20.76         115
T64  46817  37811    80.76 12290   26.25    11171        23.86          94
T73  40487  32081    79.24  9792   24.19     9052        22.36          63
T85  45320  36962    81.56 12862   28.38    11775        25.98          90
T97  49791  39324    78.98 14056   28.23    11571        23.24         120
T6   33776  27090    80.20  9602   28.43     8172        24.19          71
T22  53430  42528    79.60 15842   29.65    13033        24.39         133
T50  51229  40821    79.68 17118   33.41    14817        28.92         128
T53  52247  41877    80.15 16499   31.58    12147        23.25         149
T65  49303  39826    80.78 14806   30.03    12768        25.90         121
T74  50588  40804    80.66 12674   25.05    11370        22.48         110
T86  55919  44976    80.43 16148   28.88    14026        25.08         143
T98  47602  38304    80.47 13827   29.05    11367        23.88         105
T7   49856  40464    81.16 14595   29.27    12586        25.24         130
T32  46181  37127    80.39 13565   29.37    11686        25.30         125
T51  46585  36998    79.42 11334   24.33    10200        21.90          88
T54  49137  39678    80.75 12817   26.08    11757        23.93          95
T66  45261  35645    78.75 11466   25.33    10399        22.98          93
T75  45278  36494    80.60 14076   31.09    11842        26.15         103
T87  44694  36255    81.12 12130   27.14    10789        24.14          93
T99  52554  43179    82.16 15951   30.35    14494        27.58         160
T8   45505  36169    79.48 12219   26.85    10018        22.02         109
T18  60311  48403    80.26 17855   29.60    15249        25.28         159
T31  45884  36594    79.75 13080   28.51    11014        24.00         112
T47  46368  36149    77.96 11966   25.81     9798        21.13          88
T61  54402  43806    80.52 15510   28.51    13835        25.43         136
T76  49913  40320    80.78 12567   25.18    11363        22.77         100
T88  54622  43492    79.62 15523   28.42    13061        23.91         123
T100 48941  39719    81.16 14546   29.72    12511        25.56         144
T9   52503  42149    80.28 15756   30.01    13063        24.88         137
T19  41094  33357    81.17 10021   24.39     8456        20.58          89
T45  45219  36224    80.11 12531   27.71    10874        24.05         105
T48  42858  34290    80.01 10923   25.49     9067        21.16          94
T62  51106  40974    80.17 14678   28.72    13076        25.59         133
T77  48577  38657    79.58 11308   23.28    10045        20.68          82
T89  56206  45558    81.06 16524   29.40    14290        25.42         139
T101 53427  43095    80.66 15946   29.85    13574        25.41         155
T10  47034  38224    81.27 15058   32.02    12606        26.80         127
T29  72561  58296    80.34 26749   36.86    18811        25.92         234
T46  45298  36647    80.90 12899   28.48    10776        23.79         101
T49  51483  40721    79.10 14686   28.53    12424        24.13         122
T63  54122  43028    79.50 14928   27.58    12837        23.72         124
T78  54443  43669    80.21 15317   28.13    13846        25.43         142
T90  53237  42727    80.26 16660   31.29    14296        26.85         132
T102 53198  41958    78.87 14031   26.38    12412        23.33         112
R1   47844  24672    51.57 22933   47.93    14590        30.49          88
R13 127063  99738    78.49 96162   75.68    47949        37.74         136
R25  74759  50310    67.30 46311   61.95    30304        40.54         158
R37  62104  39345    63.35 36814   59.28    22277        35.87         128
R49  29596    775     2.62   127    0.43      127         0.43           2
R61  31995   3787    11.84  2855    8.92     2855         8.92          17
R73  34876  16366    46.93 14383   41.24     8852        25.38          84
R85  22344   2766    12.38  1815    8.12     1800         8.06          17
R2   38484  18128    47.11 16253   42.23    12115        31.48          83
R14 108604  82586    76.04 79909   73.58    38246        35.22         115
R26  41646  22751    54.63 20641   49.56    15918        38.22         115
R38  32560  15500    47.60 14116   43.35    11187        34.36          96
R50  17459   2292    13.13  1558    8.92     1537         8.80          10
R62  16304   3144    19.28  2319   14.22     2249        13.79          15
R74  25221   8063    31.97  6709   26.60     4591        18.20          40
R86  27515   9775    35.53  8429   30.63     7279        26.45          60
R3   30085   1528     5.08   781    2.60      781         2.60           4
R15 134002  90733    67.71 86858   64.82    44795        33.43         134
R27  39899  20155    50.52 17682   44.32    14270        35.77         120
R39  92438  67678    73.21 64712   70.01    39125        42.33         147
R51  17181   2675    15.57  1853   10.79     1822        10.60          12
R63  18158   2229    12.28  1496    8.24     1496         8.24          10
R75  18220   4255    23.35  3379   18.55     3344        18.35          27
R87  26714   9570    35.82  7869   29.46     7442        27.86          55
R4   30727   3582    11.66  2481    8.07     2481         8.07          22
R16  66487  36667    55.15 34534   51.94    20264        30.48          82
R28  13448   1764    13.12  1333    9.91     1312         9.76          13
R40  19837   6429    32.41  5756   29.02     4798        24.19          45
R52  13385   1765    13.19   762    5.69      762         5.69           8
R64  15569   1136     7.30   391    2.51      391         2.51           5
R76  19735   4667    23.65  3620   18.34     3620        18.34          23
R88  30205   9022    29.87  7420   24.57     6140        20.33          68
R5   35852  15014    41.88 13847   38.62     9727        27.13          76
R17 123003  81034    65.88 78789   64.05    37651        30.61          91
R29  23148  10092    43.60  8960   38.71     6594        28.49          58
R41  17306   5536    31.99  4720   27.27     4222        24.40          47
R53  11126   1628    14.63  1125   10.11     1125        10.11           8
R65  16830   3187    18.94  2376   14.12     2376        14.12          17
R77  15851   3914    24.69  2687   16.95     2687        16.95          18
R89  17746   1922    10.83  1075    6.06     1051         5.92           7
R6   14443   1298     8.99   875    6.06      875         6.06           7
R18  63765  37480    58.78 35862   56.24    19552        30.66          85
R30  26005  13238    50.91 11787   45.33     8075        31.05          72
R42  15776   2551    16.17  1916   12.15     1916        12.15          18
R54  12936    655     5.06   220    1.70      220         1.70           5
R66  14939   1036     6.93   373    2.50      373         2.50           6
R78  19692   5120    26.00  4024   20.43     3932        19.97          35
R90  22603   7433    32.89  6350   28.09     5442        24.08          46
R7   41596  24268    58.34 22685   54.54    15702        37.75          96
R19  77608  46927    60.47 44369   57.17    23985        30.91         146
R31  41636  16246    39.02 14622   35.12    10012        24.05          88
R43  79294  53434    67.39 50314   63.45    31110        39.23         137
R55  13223   1210     9.15   705    5.33      705         5.33           8
R67  19113   1198     6.27   590    3.09      370         1.94           5
R79  54129  26649    49.23 23850   44.06    16022        29.60          96
R91  22129   3605    16.29  2480   11.21     2480        11.21          15
R8   21383   6213    29.06  5229   24.45     4509        21.09          46
R20  85216  51551    60.49 47979   56.30    29155        34.21         156
R32  31701  17325    54.65 15571   49.12    12269        38.70         118
R44  32176  18764    58.32 17143   53.28    11784        36.62          86
R56  14547   2721    18.70  2103   14.46     2103        14.46          15
R68  13363   2383    17.83  1708   12.78     1708        12.78          13
R80  16917   2857    16.89  2045   12.09     2045        12.09          11
R92  33677   7839    23.28  6474   19.22     6146        18.25          53
R9   31534  13041    41.36 11834   37.53     9256        29.35          66
R21 117233  75424    64.34 71332   60.85    37404        31.91         132
R33  15534   4883    31.43  3785   24.37     3573        23.00          44
R45  94806  64093    67.60 61250   64.61    36752        38.77         140
R57  14560   1866    12.82  1213    8.33     1213         8.33           9
R69  14647   2217    15.14  1528   10.43     1528        10.43          10
R81  21949   5956    27.14  4437   20.22     4161        18.96          36
R93  16227   2388    14.72  1565    9.64     1565         9.64          16
R10  18086   5141    28.43  4500   24.88     4304        23.80          36
R22  23315   8250    35.38  7456   31.98     5869        25.17          52
R34  10156   1697    16.71  1220   12.01     1220        12.01          11
R46  12053   2639    21.89  2082   17.27     2008        16.66          26
R58  13285   1351    10.17   801    6.03      801         6.03           8
R70  15431   1611    10.44   945    6.12      945         6.12           5
R82  14298   2294    16.04  1397    9.77     1397         9.77          12
R94  13508   1378    10.20   799    5.92      799         5.92          11
R11  18161   6746    37.15  5915   32.57     5099        28.08          48
R23  15435   3895    25.23  3265   21.15     3168        20.52          27
R35  20456   7356    35.96  6172   30.17     5322        26.02          51
R47   9145   1208    13.21   956   10.45      956        10.45           7
R59  14172   2454    17.32  1876   13.24     1876        13.24          10
R71  15734   1980    12.58  1339    8.51     1339         8.51           7
R83  15272   3899    25.53  2817   18.45     2817        18.45          20
R95  17716   1846    10.42  1091    6.16     1091         6.16           9
R12  19035   7626    40.06  6901   36.25     5685        29.87          50
R24  18797   6800    36.18  5791   30.81     5016        26.69          44
R36  17466   6341    36.30  4976   28.49     4910        28.11          42
R48  12819   3634    28.35  2495   19.46     2453        19.14          10
R60  18074   2931    16.22  2109   11.67     1949        10.78          16
R72  15413   1942    12.60  1349    8.75     1349         8.75          11
R84  24638   9738    39.52  8558   34.73     6957        28.24          56
R96  19797   4155    20.99  3248   16.41     3047        15.39          28
P1   166614 126851    76.13 112879   67.75    79902        47.96         419
P13  104914  70723    67.41  60261   57.44    45566        43.43         283
P25  122751  72305    58.90  63838   52.01    42580        34.69         241
P37   40954  23626    57.69  19044   46.50    16315        39.84         133
P49   68319  33560    49.12  27472   40.21    23370        34.21         164
P61   40119  28443    70.90  19933   49.68    16759        41.77         133
P73   48680  22081    45.36  16242   33.36    14820        30.44         115
P85   56861  15646    27.52  12597   22.15    10016        17.61          83
P2    87361  71703    82.08  61446   70.34    45378        51.94         281
P14   71792  53301    74.24  45080   62.79    36871        51.36         229
P26   83936  52209    62.20  44930   53.53    31178        37.14         218
P38   46854  33511    71.52  28266   60.33    21158        45.16         160
P50   73143  52225    71.40  46071   62.99    33187        45.37         177
P62   47519  34438    72.47  28670   60.33    23950        50.40         166
P74   49593  24532    49.47  20355   41.04    16275        32.82         133
P86   42612  15762    36.99  12903   30.28    10809        25.37          85
P3    65213  45021    69.04  37603   57.66    30402        46.62         210
P15   76476  57950    75.78  52632   68.82    36809        48.13         163
P27   53023  27214    51.32  22719   42.85    18615        35.11         137
P39   58179  45780    78.69  38473   66.13    27222        46.79         197
P51   58189  36357    62.48  30191   51.88    26283        45.17         183
P63   47187  36613    77.59  29694   62.93    25050        53.09         189
P75   53675  24915    46.42  18682   34.81    15854        29.54         120
P87   89181  41904    46.99  35998   40.37    26598        29.82         164
P4    66305  46847    70.65  39477   59.54    30201        45.55         171
P16   41433  27241    65.75  22425   54.12    18175        43.87         125
P28   38536  14956    38.81  11828   30.69    10529        27.32          91
P40   39950  28290    70.81  22357   55.96    18751        46.94         139
P52   33094  16835    50.87  12575   38.00    10958        33.11          79
P64   28548  18907    66.23  14779   51.77    12692        44.46         102
P76   40298  15839    39.30  11958   29.67    10023        24.87          84
P88   40775  15222    37.33  11625   28.51     9942        24.38          83
P5    67506  51851    76.81  43836   64.94    34712        51.42         212
P17   39303  28243    71.86  23279   59.23    18946        48.20         132
P29   62424  30567    48.97  25710   41.19    19985        32.01         127
P41   43344  29867    68.91  22459   51.82    19204        44.31         136
P53   50872  30654    60.26  24186   47.54    21242        41.76         138
P65   60311  46153    76.53  38208   63.35    32483        53.86         213
P77   38725  17268    44.59  12974   33.50    11208        28.94          88
P6    59063  44103    74.67  36772   62.26    30331        51.35         214
P18   50545  36676    72.56  30002   59.36    25001        49.46         161
P30   42672  20394    47.79  15712   36.82    14138        33.13         100
P42   76222  62700    82.26  56733   74.43    32936        43.21         150
P54  119745  89963    75.13  84246   70.35    55345        46.22         160
P66   58853  42563    72.32  35292   59.97    29067        49.39         164
P78   47807  21716    45.42  17471   36.54    12644        26.45         101
P7    81186  63426    78.12  55218   68.01    40700        50.13         242
P19   67423  50430    74.80  45318   67.21    33446        49.61         197
P31   49235  22662    46.03  18199   36.96    14536        29.52         105
P43   68782  55563    80.78  48695   70.80    34295        49.86         217
P55   76469  54601    71.40  50204   65.65    31519        41.22         155
P67   47441  34419    72.55  29162   61.47    24936        52.56         180
P79   61174  31671    51.77  27135   44.36    19140        31.29         117
P91     424    366    86.32    178   41.98      178        41.98           6
P8    49756  34006    68.35  29646   59.58    22220        44.66         163
P20   76448  58762    76.87  52818   69.09    38336        50.15         218
P32   40136  18779    46.79  14925   37.19    12695        31.63          94
P44   82542  68351    82.81  60200   72.93    42289        51.23         266
P56   96406  75710    78.53  70201   72.82    42624        44.21         190
P68   72281  55176    76.34  48633   67.28    34725        48.04         216
P80   64560  36192    56.06  31160   48.27    21522        33.34         139
P92   42784  24286    56.76  20486   47.88    16266        38.02         119
P9    99931  79672    79.73  69934   69.98    49837        49.87         263
P21   65584  48506    73.96  43392   66.16    29528        45.02         211
P33   36614  14741    40.26  11001   30.05     9311        25.43          86
P45   64535  54027    83.72  46726   72.40    34415        53.33         218
P57   98669  68753    69.68  63421   64.28    40732        41.28         182
P69   61099  44026    72.06  39209   64.17    28862        47.24         192
P81   68162  39109    57.38  34365   50.42    22886        33.58         134
P93   38552  18738    48.60  14623   37.93    12770        33.12         120
P10   64833  47670    73.53  40228   62.05    30839        47.57         187
P22   47950  33049    68.92  27333   57.00    23208        48.40         144
P34   58672  31416    53.55  26705   45.52    20247        34.51         147
P46   56584  41239    72.88  34476   60.93    27178        48.03         168
P58   51350  38457    74.89  31835   62.00    26488        51.58         162
P70   64345  52420    81.47  44520   69.19    33918        52.71         190
P82   50669  23150    45.69  19212   37.92    14580        28.77          94
P94   30141  10898    36.16   7654   25.39     7031        23.33          61
P11   68263  51667    75.69  43763   64.11    33730        49.41         202
P23   60931  46809    76.82  39778   65.28    33913        55.66         195
P35   67058  34208    51.01  28606   42.66    21516        32.09         157
P47   64070  47964    74.86  40580   63.34    32494        50.72         182
P59   61484  45721    74.36  38042   61.87    30601        49.77         169
P71   59521  48152    80.90  41136   69.11    31471        52.87         195
P83   39664  16225    40.91  12484   31.47    10422        26.28          87
P95   54823  29621    54.03  24324   44.37    18274        33.33         118
P12   66071  49068    74.27  40354   61.08    32856        49.73         210
P24   65808  43840    66.62  38795   58.95    27022        41.06         147
P36  116341  64371    55.33  56754   48.78    39927        34.32         222
P48   47124  33023    70.08  27537   58.44    21964        46.61         146
P60   59888  40207    67.14  33937   56.67    26102        43.58         167
P72   43092  28826    66.89  24041   55.79    18246        42.34         128
P84   51667  28294    54.76  23999   46.45    19147        37.06         122
P96   43237  25966    60.06  22152   51.23    15129        34.99          98
T1    30308  25236    83.27  20082   66.26    15550        51.31         136
T12   48893  43324    88.61  37763   77.24    29273        59.87         216
T25  100540  86649    86.18  79778   79.35    51368        51.09         234
T37   68907  58527    84.94  50913   73.89    39345        57.10         246
T55   49300  40755    82.67  35467   71.94    26443        53.64         198
T67   41841  29540    70.60  25396   60.70    19305        46.14         142
T79   29022  24231    83.49  20115   69.31    17976        61.94         153
T91   42938  36696    85.46  32395   75.45    24971        58.16         151
TA    62867  54419    86.56  49224   78.30    34162        54.34         204
T13   41212  35760    86.77  29687   72.03    25356        61.53         192
T35   57104  50361    88.19  44052   77.14    31824        55.73         213
T38   39209  34319    87.53  29139   74.32    23292        59.40         168
T56   42069  36624    87.06  31308   74.42    25618        60.90         157
T68   47023  40352    85.81  35497   75.49    26040        55.38         170
T80   63154  54052    85.59  48454   76.72    34077        53.96         211
T92   49549  43297    87.38  37454   75.59    27124        54.74         184
T2    48920  40988    83.79  33921   69.34    26099        53.35         210
T23   36331  31195    85.86  26246   72.24    20694        56.96         168
T36   20434  17524    85.76  14209   69.54    12636        61.84         119
T39   31369  27556    87.84  21382   68.16    17446        55.62         115
T57   24703  21236    85.97  15994   64.75    14625        59.20         126
T69   41099  35306    85.90  29915   72.79    23668        57.59         188
T81   21433  18578    86.68  14671   68.45    13142        61.32         125
T93   63141  55956    88.62  51440   81.47    34230        54.21         181
T3    59252  50303    84.90  42843   72.31    32340        54.58         193
T15   24050  20938    87.06  15851   65.91    12951        53.85         116
T28   41658  35972    86.35  29703   71.30    25290        60.71         161
T42   25361  21813    86.01  16679   65.77    15351        60.53         126
T58   24978  20991    84.04  15252   61.06    12912        51.69         109
T70   31044  25729    82.88  19861   63.98    17793        57.32         131
T82   19368  16724    86.35  12137   62.67    11338        58.54          92
T94   24319  21085    86.70  15804   64.99    14954        61.49         122
TB    37673  29862    79.27  24402   64.77    21154        56.15         151
T16   43167  36997    85.71  29604   68.58    24516        56.79         164
T40   38654  33310    86.17  27092   70.09    21624        55.94         170
T43   12825  10925    85.19   6682   52.10     6600        51.46          62
T59   23008  19827    86.17  14817   64.40    13203        57.38         113
T71   35407  29827    84.24  23511   66.40    20746        58.59         150
T83   18293  15623    85.40  11992   65.56    10826        59.18          92
T95   26531  22924    86.40  16951   63.89    14885        56.10         125
T4    44707  36511    81.67  29404   65.77    24408        54.60         163
T26   50193  43682    87.03  35641   71.01    30796        61.36         201
T41   48219  42037    87.18  34527   71.60    27028        56.05         160
T44   35523  30655    86.30  23777   66.93    20812        58.59         141
T60   26331  22848    86.77  16350   62.09    13575        51.56         112
T72   34875  28821    82.64  22857   65.54    18965        54.38         137
T84    2956   2512    84.98   1435   48.55     1435        48.55          19
T96   26143  22613    86.50  17287   66.12    14950        57.19         128
T5    65998  55861    84.64  46664   70.71    36877        55.88         227
T21   57312  50075    87.37  45168   78.81    31795        55.48         154
T34   46540  40555    87.14  35394   76.05    25037        53.80         170
T52   42586  36740    86.27  30915   72.59    24408        57.31         176
T64   24089  20885    86.70  16544   68.68    13758        57.11         109
T73   44076  37032    84.02  31573   71.63    25301        57.40         160
T85   27988  24787    88.56  20124   71.90    18152        64.86         151
T97   42266  35236    83.37  28915   68.41    24036        56.87         193
T6    45714  38990    85.29  31736   69.42    25513        55.81         179
T22   50012  43007    85.99  36289   72.56    27789        55.56         182
T50   30195  26179    86.70  21190   70.18    17457        57.81         135
T53   41877  36134    86.29  30442   72.69    23832        56.91         188
T65   34594  30526    88.24  25240   72.96    18845        54.47         144
T74   49518  41502    83.81  34609   69.89    28445        57.44         206
T86   28429  24867    87.47  19517   68.65    17470        61.45         139
T98   58860  52489    89.18  47668   80.99    29661        50.39         182
T7    42764  36823    86.11  30093   70.37    24779        57.94         185
T32   57978  50770    87.57  44064   76.00    31216        53.84         200
T51   39865  34689    87.02  27830   69.81    23568        59.12         180
T54   50575  44719    88.42  36510   72.19    30010        59.34         209
T66   32227  27172    84.31  22362   69.39    19103        59.28         134
T75   64036  51608    80.59  45380   70.87    31824        49.70         194
T87   26121  22131    84.72  17261   66.08    14736        56.41         120
T99   48349  42830    88.59  35689   73.82    28752        59.47         216
T8    64484  55435    85.97  47961   74.38    34934        54.17         221
T18   85598  73967    86.41  62735   73.29    46032        53.78         254
T31   42179  36308    86.08  28775   68.22    24147        57.25         161
T47   33270  28249    84.91  21925   65.90    18981        57.05         147
T61   27948  24317    87.01  19057   68.19    15998        57.24         129
T76   37604  31192    82.95  25330   67.36    21863        58.14         172
T88   51256  43763    85.38  36151   70.53    29194        56.96         173
T100  36708  32098    87.44  25066   68.28    21766        59.29         153
T9    63291  53324    84.25  45246   71.49    34505        54.52         224
T19   53371  46536    87.19  37987   71.18    30597        57.33         199
T45   55591  48182    86.67  39515   71.08    32754        58.92         206
T48   34236  29819    87.10  23101   67.48    20554        60.04         147
T62   25044  21573    86.14  16089   64.24    14231        56.82         125
T77   34967  29348    83.93  23081   66.01    19234        55.01         147
T89   43501  38433    88.35  31461   72.32    25424        58.44         165
T101  42454  36913    86.95  29808   70.21    25459        59.97         171
T10   64549  54423    84.31  46550   72.12    35724        55.34         227
T29   65352  55655    85.16  45824   70.12    36233        55.44         225
T46   62535  55416    88.62  45895   73.39    36814        58.87         222
T49   60031  51514    85.81  42153   70.22    35591        59.29         236
T63   48448  42230    87.17  34432   71.07    28909        59.67         178
T78   37794  31325    82.88  24538   64.93    20688        54.74         137
T90   26231  22541    85.93  17432   66.46    15490        59.05         115
T102  54865  47601    86.76  39358   71.74    32185        58.66         197
